Source: scripts\real_data_collected\real_transfer_dataset.csv
Rows source: 119
Removed IDs (7 requested): [21, 23, 41, 50, 56, 59, 112]
Rows removed found: 7
Rows clean: 112
Removed rows preview:
 sample_id           x1           y1           z1           x6           y6           z6        x_hit        y_hit        z_hit    t_hit  is_reachable
        21   713.841272  2519.118328 -1020.635725   748.603518  2210.043261  -866.647484   880.573218   972.282557  -967.226726 0.333891             0
        23  -108.264952  2479.351279  -936.244510  -386.173475  1856.879833 -1048.757427  -689.458089   107.361882  -855.803642 0.642251             1
        41   -12.038677  2553.720973 -1096.839515  -188.537700  2239.282371  -952.069505 -1042.299754   533.605828 -1071.958181 0.490692             0
        50    74.537455   211.498044 -1049.302223    77.550072    92.464805 -1002.456535    57.890110   -33.163292  -926.429411 0.065180             1
        56  -913.059834 -1064.391418 -1303.427847  -901.300805 -1028.512395 -1261.325731  -858.922358  -916.021489 -1295.643386 0.125535             0
        59 -1455.213719 -1192.974522 -1377.262264 -1458.986833 -1131.798653 -1351.687994 -1405.402847 -1053.371534 -1337.010620 0.012729             0
       112 -1070.533037 -1316.309864 -1351.365572   133.004123  2218.176520  -709.328163    91.800079   -40.150614  -850.885598 0.606403             1